01110001111100000000000000000000
01100001000100000000000000001111
01110001111100000000000000000000
01100001001000000000000000001111
01110001111100000000000000000000
01100001001100000000000000001111
01110001111100000000000000000000
01100001010000000000000000001111
01110001111100000000000000000000
01100001010100000000000000001111
01110001111100000000000000000000
01100001011000000000000000001111
01110001111100000000000000000000
01100001011100000000000000001111
01110001111100000000000000000000
01100001100000000000000000001111
01110001100100000000000000000001
01110001101000000000000001100100
01110001101100000000000000111100
00010001000000000000000000001001
10000001000000000000000000001010
01000010000000000000000000010011
01110001000000000000000000000000
00010001000100000000000000001001
10000001000100000000000000001011
01000010000000000000000000010011
01110001000100000000000000000000
00010001001000000000000000001001
10000001001000000000000000001011
01000010000000000000000000010011
01110001001000000000000000000000
01110001110000000000000000011000
00010001001100000000000000001001
10000001001100000000000000001100
01000010000000000000000000010011
01110001001100000000000000000000
01110001110000000000000000000111
00010001010000000000000000001001
10000001010000000000000000001100
01000010000000000000000000101001
01110001010000000000000000000000
01110001110000000000000000000000
10000001110000000000000000000110
01000011000000000000000010100000
01110001110000000000000000000001
10000001110000000000000000000110
01000011000000000000000001001100
01110001110000000000000000000010
10000001110000000000000000000110
01000011000000000000000010100000
01110001110000000000000000000011
10000001110000000000000000000110
01000011000000000000000010011101
01110001110000000000000000000100
10000001110000000000000000000110
01000011000000000000000010100000
01110001110000000000000000000101
10000001110000000000000000000110
01000011000000000000000010011101
01110001110000000000000000000110
10000001110000000000000000000110
01000011000000000000000010100000
01110001110000000000000000000111
10000001110000000000000000000110
01000011000000000000000010100000
01110001110000000000000000001000
10000001110000000000000000000110
01000011000000000000000010011101
01110001110000000000000000001001
10000001110000000000000000000110
01000011000000000000000010100000
01110001110000000000000000001010
10000001110000000000000000000110
01000011000000000000000010011101
01110001110000000000000000001011
10000001110000000000000000000110
01100001110100000000000000000111
00110010110100000000000000000000
00110010110100000000000000000000
00110010110100000000000000000000
00110010110100000000000000000000
00110010110100000000000000000000
00110010110100000000000000000000
00110010110100000000000000000000
00110010110100000000000000000000
00110010110100000000000000000000
00110010110100000000000000000000
00110010110100000000000000000000
00110010110100000000000000000000
00110010110100000000000000000000
00110010110100000000000000000000
00110010110100000000000000000000
00110010110100000000000000000000
00110010110100000000000000000000
00110010110100000000000000000000
00110010110100000000000000000000
00110010110100000000000000000000
00110010110100000000000000000000
00110010110100000000000000000000
00110010110100000000000000000000
00110010110100000000000000000000
00110010110100000000000000000000
00110010110100000000000000000000
00110010110100000000000000000000
00110010110100000000000000000000
00110010110100000000000000000000
00110010110100000000000000000000
01000010000000000000000010010110
01100001110100000000000000001000
00110010110100000000000000000000
00110010110100000000000000000000
00110010110100000000000000000000
00110010110100000000000000000000
00110010110100000000000000000000
00110010110100000000000000000000
00110010110100000000000000000000
00110010110100000000000000000000
00110010110100000000000000000000
00110010110100000000000000000000
00110010110100000000000000000000
00110010110100000000000000000000
00110010110100000000000000000000
00110010110100000000000000000000
00110010110100000000000000000000
00110010110100000000000000000000
01110001111011000000000000000000
10000001110100000000000000001110
01000010000000000000000010011010
01110001110000000000000001100100
00010010100000000000000000001100
01100001110100000000000000001000
00110011110100000000000000000000
00110011110100000000000000000000
00110011110100000000000000000000
00110011110100000000000000000000
00110011110100000000000000000000
00110011110100000000000000000000
00110011110100000000000000000000
00110011110100000000000000000000
00110011110100000000000000000000
00110011110100000000000000000000
00110011110100000000000000000000
00110011110100000000000000000000
00110011110100000000000000000000
00110011110100000000000000000000
00110011110100000000000000000000
00110011110100000000000000000000
01110001111000000000000110010000
10000001110100000000000000001110
01000011000000000000000010011001
01110001110000000000000000011100
10000001110000000000000000000110
01000011000000000000000010100011
01110001100000000000000000000000
01110001110000000000000000011101
10000001110000000000000000000110
01000011000000000000000010100011
01110001110000000000000000011110
10000001010000000000000000001100
01000011000000000000000010100011
01110001110000000000000000011111
10000001010000000000000000001100
01000011000000000000000010100011
00010001011000000000000000001001
01110001110000000000000000001100
01110001010000000000000000000000
10000001110000000000000000000110
01000010000000000000000000010011
01110001011000000000000000000000
00010001011100000000000000001001
00010001100000000000000000001001
01110001110000010000000000000000
00010001100000000000000000001100
